=== n=36 ===
     p  ratio gcd_r_n          fact(ratio) #roots x^6+1 #roots x^4+1  #roots x^6-x leg(-1) leg(-3) leg(5)  NON?
----------------------------------------------------------------------------------------------------------------------------------
    37      1       1                    1            6            0             2       1       1     36   YES
    73      2       2                    2            6            4             2       1       1     72      
   109      3       3                    3            6            0             2       1       1      1      
   181      5       1                    5            6            0             6       1       1      1   YES
   397     11       1                   11            6            0             2       1       1    396      
   433     12      12                2^2*3            6            4             2       1       1    432      
   541     15       3                  3*5            6            0             6       1       1      1      
   577     16       4                  2^4            6            4             2       1       1    576      
   613     17       1                   17            6            0             2       1       1    612      
   757     21       3                  3*7            6            0             2       1       1    756      
   829     23       1                   23            6            0             2       1       1      1      
   937     26       2                 2*13            6            4             2       1       1    936      
  1009     28       4                2^2*7            6            4             2       1       1      1      
  1117     31       1                   31            6            0             2       1       1   1116      
  1153     32       4                  2^5            6            4             2       1       1   1152      
  1297     36      36              2^2*3^2            6            4             2       1       1   1296      
  1549     43       1                   43            6            0             2       1       1      1      
  1621     45       9                3^2*5            6            0             6       1       1      1      
  1657     46       2                 2*23            6            4             2       1       1   1656      
  1693     47       1                   47            6            0             2       1       1   1692      
  1801     50       2                2*5^2            6            4             6       1       1      1      
  1873     52       4               2^2*13            6            4             2       1       1   1872      
  2017     56       4                2^3*7            6            4             2       1       1   2016      
  2053     57       3                 3*19            6            0             2       1       1   2052      
  2089     58       2                 2*29            6            4             2       1       1      1      
  2161     60      12              2^2*3*5            6            4             6       1       1      1      
  2269     63       9                3^2*7            6            0             2       1       1      1      
  2341     65       1                 5*13            6            0             6       1       1      1      
  2377     66       6               2*3*11            6            4             2       1       1   2376      
  2521     70       2                2*5*7            6            4             6       1       1      1      
  2557     71       1                   71            6            0             2       1       1   2556      
  2593     72      36              2^3*3^2            6            4             2       1       1   2592      
  2917     81       9                  3^4            6            0             2       1       1   2916      
  2953     82       2                 2*41            6            4             2       1       1   2952      
  3061     85       1                 5*17            6            0             6       1       1      1      
  3169     88       4               2^3*11            6            4             2       1       1      1      
  3313     92       4               2^2*23            6            4             2       1       1   3312      
  3457     96      12                2^5*3            6            4             2       1       1   3456      
  3529     98       2                2*7^2            6            4             2       1       1      1      
  3637    101       1                  101            6            0             2       1       1   3636      
  3673    102       6               2*3*17            6            4             2       1       1   3672      
  3709    103       1                  103            6            0             2       1       1      1      
  3853    107       1                  107            6            0             2       1       1   3852      
  3889    108      36              2^2*3^3            6            4             2       1       1      1      
  4177    116       4               2^2*29            6            4             2       1       1   4176      
  4357    121       1                 11^2            6            0             2       1       1   4356      
  4789    133       1                 7*19            6            0             2       1       1      1      
  4861    135       9                3^3*5            6            0             6       1       1      1      
  4933    137       1                  137            6            0             2       1       1   4932      
  4969    138       6               2*3*23            6            4             2       1       1      1      

=== n=48 ===
     p  ratio gcd_r_n          fact(ratio) #roots x^6+1 #roots x^4+1 leg(-1) leg(-3)  NON?
--------------------------------------------------------------------------------------------------------------
    97      2       2                    2            6            4       1       1   YES
   193      4       4                  2^2            6            4       1       1      
   241      5       1                    5            6            4       1       1      
   337      7       1                    7            6            4       1       1      
   433      9       3                  3^2            6            4       1       1      
   577     12      12                2^2*3            6            4       1       1      
   673     14       2                  2*7            6            4       1       1      
   769     16      16                  2^4            6            4       1       1      
  1009     21       3                  3*7            6            4       1       1      
  1153     24      24                2^3*3            6            4       1       1      
  1201     25       1                  5^2            6            4       1       1      
  1249     26       2                 2*13            6            4       1       1      
  1297     27       3                  3^3            6            4       1       1      
  1489     31       1                   31            6            4       1       1      
  1777     37       1                   37            6            4       1       1      
  1873     39       3                 3*13            6            4       1       1      
  2017     42       6                2*3*7            6            4       1       1      
  2113     44       4               2^2*11            6            4       1       1      
  2161     45       3                3^2*5            6            4       1       1      
  2593     54       6                2*3^3            6            4       1       1      
  2689     56       8                2^3*7            6            4       1       1      
  2833     59       1                   59            6            4       1       1      

=== Deeper analysis: character-sum conditions for n=36 ===
Conditions for 6-element S ⊂ C_36: Σ_{i∈S} ω^i = 0 AND Σ_{i∈S} ω^{3i} = 0

p=   37 ratio=  1 | #(p1=p3=0)= 1824 (aligned=816, non-aligned=1008) | #(p1=0 only)=50820
p=   73 ratio=  2 | #(p1=p3=0)= 1068 (aligned=816, non-aligned=252) | #(p1=0 only)=25692
p=  109 ratio=  3 | #(p1=p3=0)=  888 (aligned=816, non-aligned=72) | #(p1=0 only)=17124
p=  181 ratio=  5 | #(p1=p3=0)=  888 (aligned=816, non-aligned=72) | #(p1=0 only)=10284
p=  397 ratio= 11 | #(p1=p3=0)=  816 (aligned=816, non-aligned=0) | #(p1=0 only)=4272
p=  433 ratio= 12 | #(p1=p3=0)=  816 (aligned=816, non-aligned=0) | #(p1=0 only)=3984
