=== Large-n scaling test: M vs n/(t-1) ===
threshold t=6, predicted M ≈ n/5 = n/5

   n      p  ratio    (a,b)  max_M  max_agr   n/5   M*5/n
----------------------------------------------------------------------
  36     73      2 ( 6, 4)      6        6     7    0.83
  36     73      2 ( 6, 5)      6        6     7    0.83
  36     73      2 ( 7, 6)      6        6     7    0.83
  48     97      2 ( 6, 4)      8        6     9    0.83
  48     97      2 ( 6, 5)      8        6     9    0.83
  48     97      2 ( 7, 6)      8        6     9    0.83
  60    181      3 ( 6, 4)     10        6    12    0.83
  60    181      3 ( 6, 5)     11        6    12    0.92
  60    181      3 ( 7, 6)     10        6    12    0.83
  72    433      6 ( 6, 4)     12        6    14    0.83
  72    433      6 ( 6, 5)      1        6    14    0.07
  72    433      6 ( 7, 6)     12        6    14    0.83
  96    193      2 ( 6, 4)     16        6    19    0.83
  96    193      2 ( 6, 5)     16        6    19    0.83
  96    193      2 ( 7, 6)     16        6    19    0.83
 120    241      2 ( 6, 4)     20        6    24    0.83
 120    241      2 ( 6, 5)     24        6    24    1.00
 120    241      2 ( 7, 6)     21        7    24    0.88
 144    433      3 ( 6, 4)      3        6    28    0.10
 144    433      3 ( 6, 5)      3        6    28    0.10
 144    433      3 ( 7, 6)     24        6    28    0.83
 180    541      3 ( 6, 4)      3        6    36    0.08
 180    541      3 ( 6, 5)     39        6    36    1.08
 180    541      3 ( 7, 6)     31        7    36    0.86
 240   1201      5 ( 6, 4)      3        6    48    0.06
 240   1201      5 ( 6, 5)     47        6    48    0.98
 240   1201      5 ( 7, 6)     40        6    48    0.83
 360   1801      5 ( 6, 4)      3        6    72    0.04
 360   1801      5 ( 6, 5)     72        6    72    1.00
 360   1801      5 ( 7, 6)     60        6    72    0.83
