Large-n verification (power-of-2 domains, worst-case binomial)
Cores: 24
     n   t        p  gcd  samples  max_M  max_ag  n/(t-1)  spor_est  predict
--------------------------------------------------------------------------------
   128   6      641    1      100      1       6     25.6   3.2e-02     O(1)
   128   8      641    1      100     16       8     18.3   2.1e-05     O(1)
   128  10      641    1      100      0       0     14.2   8.0e-09     O(1)
   256   6      769    1      100      2       6     51.2   1.1e+00     O(1)
   256   8      769    1      100     32       8     36.6   2.0e-03     O(1)
   256  10      769    1      100      0       0     28.4   2.3e-06     O(1)
   512   6     7681    1      100      0       0    102.4   7.0e-03     O(1)
   512   8     7681    1      100      0       0     73.1   5.4e-07     O(1)
   512  10     7681    1      100      0       0     56.9   2.6e-11     O(1)
  1024   6    12289    1      100      2       6    204.8   6.9e-02     O(1)
  1024   8    12289    1      100      0       0    146.3   8.5e-06     O(1)

Comparison: domains divisible by 5
   160   6      641    5      100     32             32.0   1.3e-01      ≤32
   320   6     1601    5      100     63             64.0   2.2e-01      ≤64
   640   6     4481    5      100    127            128.0   2.3e-01     ≤128
