=== α_2* mechanism analysis at q=97 (32, 8) ===
  Targets: 48 mixed mod-4 violators with |V_δ| ≥ 953 (9.82q–9.91q)

  sup            mod4         |V_δ|  |B_1| col-saturated  col-eq-|B_1| mechanism
  ------------------------------------------------------------------------------------------------
  (9, 11, 20)    (1, 3, 0)    961    1     1              0            sat-col(s)=1
  (9, 11, 21)    (1, 3, 1)    961    1     9              88           sat-col(s)=9
  (9, 11, 23)    (1, 3, 3)    961    1     9              88           sat-col(s)=9
  (10, 11, 20)   (2, 3, 0)    961    1     1              0            sat-col(s)=1
  (11, 20, 23)   (3, 0, 3)    961    1     1              0            sat-col(s)=1
  (11, 21, 23)   (3, 1, 3)    961    1     9              88           sat-col(s)=9
  (12, 22, 27)   (0, 2, 3)    961    9     1              96           sat-col(s)=1
  (13, 15, 16)   (1, 3, 0)    961    1     1              0            sat-col(s)=1
  (13, 15, 17)   (1, 3, 1)    961    1     9              88           sat-col(s)=9
  (13, 15, 19)   (1, 3, 3)    961    1     9              88           sat-col(s)=9
  (13, 15, 22)   (1, 3, 2)    573    1     1              1            sat-col(s)=1
  (13, 15, 24)   (1, 3, 0)    0      0     0              97           uniform
  (13, 15, 26)   (1, 3, 2)    1      0     0              96           uniform
  (13, 15, 28)   (1, 3, 0)    384    0     0              1            max-col=4 (96x)
  (13, 15, 30)   (1, 3, 2)    381    0     0              1            max-col=4 (95x)
  (13, 16, 18)   (1, 0, 2)    865    1     0              1            max-col=9 (96x)
  (13, 17, 18)   (1, 1, 2)    865    1     0              1            max-col=9 (96x)
  (13, 18, 19)   (1, 2, 3)    857    1     0              1            max-col=9 (88x)
  (13, 18, 22)   (1, 2, 2)    97     1     0              97           uniform
  (13, 18, 30)   (1, 2, 2)    289    0     0              0            max-col=3 (96x)
  (15, 16, 17)   (3, 0, 1)    953    1     1              0            sat-col(s)=1
  (15, 17, 24)   (3, 1, 0)    60     0     0              56           uniform
  (15, 17, 26)   (3, 1, 2)    153    0     1              56           sat-col(s)=1
  (15, 22, 23)   (3, 2, 3)    577    5     1              96           sat-col(s)=1
  (15, 23, 24)   (3, 3, 0)    192    0     0              1            max-col=2 (96x)
  (16, 22, 31)   (0, 2, 3)    217    1     1              72           sat-col(s)=1
  (16, 23, 25)   (0, 3, 1)    125    1     0              72           uniform
  (16, 23, 31)   (0, 3, 3)    193    1     1              96           sat-col(s)=1
  (16, 30, 31)   (0, 2, 3)    961    1     1              0            sat-col(s)=1
  (17, 18, 31)   (1, 2, 3)    953    1     1              0            sat-col(s)=1
  (17, 19, 31)   (1, 3, 3)    961    1     9              88           sat-col(s)=9
  (17, 29, 31)   (1, 1, 3)    961    1     9              88           sat-col(s)=9
  (17, 30, 31)   (1, 2, 3)    953    1     1              0            sat-col(s)=1
  (18, 29, 31)   (2, 1, 3)    953    1     1              1            sat-col(s)=1
  (19, 29, 31)   (3, 1, 3)    961    1     9              88           sat-col(s)=9
  (20, 21, 27)   (0, 1, 3)    953    1     1              0            sat-col(s)=1
  (20, 22, 27)   (0, 2, 3)    953    1     1              1            sat-col(s)=1
  (20, 23, 27)   (0, 3, 3)    961    1     1              0            sat-col(s)=1
  (20, 24, 27)   (0, 0, 3)    961    1     1              0            sat-col(s)=1
  (20, 25, 27)   (0, 1, 3)    961    1     1              0            sat-col(s)=1
  (20, 26, 27)   (0, 2, 3)    961    1     1              0            sat-col(s)=1
  (20, 27, 30)   (0, 3, 2)    961    1     1              0            sat-col(s)=1
  (21, 22, 27)   (1, 2, 3)    953    1     1              0            sat-col(s)=1
  (21, 23, 27)   (1, 3, 3)    961    1     9              88           sat-col(s)=9
  (21, 25, 27)   (1, 1, 3)    961    1     9              88           sat-col(s)=9
  (21, 26, 27)   (1, 2, 3)    953    1     1              0            sat-col(s)=1
  (22, 25, 27)   (2, 1, 3)    953    1     1              1            sat-col(s)=1
  (23, 25, 27)   (3, 1, 3)    961    1     9              88           sat-col(s)=9

=== Summary ===
  total violators analyzed:     48
  with ≥1 saturating col (q):   36
  WITHOUT saturating col:       12

=== Top-5 column distributions for first 8 violators ===
  sup=(9, 11, 20) mod4=(1, 3, 0) |V_δ|=961 |B_1|=1
    top-5 columns: [(9, 96), (97, 1)]
  sup=(9, 11, 21) mod4=(1, 3, 1) |V_δ|=961 |B_1|=1
    top-5 columns: [(1, 88), (97, 9)]
  sup=(9, 11, 23) mod4=(1, 3, 3) |V_δ|=961 |B_1|=1
    top-5 columns: [(1, 88), (97, 9)]
  sup=(10, 11, 20) mod4=(2, 3, 0) |V_δ|=961 |B_1|=1
    top-5 columns: [(9, 96), (97, 1)]
  sup=(11, 20, 23) mod4=(3, 0, 3) |V_δ|=961 |B_1|=1
    top-5 columns: [(9, 96), (97, 1)]
  sup=(11, 21, 23) mod4=(3, 1, 3) |V_δ|=961 |B_1|=1
    top-5 columns: [(1, 88), (97, 9)]
  sup=(12, 22, 27) mod4=(0, 2, 3) |V_δ|=961 |B_1|=9
    top-5 columns: [(9, 96), (97, 1)]
  sup=(13, 15, 16) mod4=(1, 3, 0) |V_δ|=961 |B_1|=1
    top-5 columns: [(9, 96), (97, 1)]
