Testing N(a, b, 64, 16, q) at q ∈ [193, 257, 449, 577, 641, 769, 1153, 1217]

     (a,b)      q   |B|   gcd
--------------------------------------
   (43,47)    193     4     4  [39s]
   (43,47)    257     4     4  [52s]
   (43,47)    449     4     4  [91s]
   (43,47)    577     4     4  [117s]
   (43,47)    641     4     4  [132s]
   (43,47)    769     4     4  [155s]
   (43,47)   1153     4     4  [236s]
   (43,47)   1217     4     4  [245s]
   (45,49)    193     0     4  [39s]
   (45,49)    257     0     4  [51s]
   (45,49)    449     0     4  [90s]
   (45,49)    577     0     4  [117s]
   (45,49)    641     0     4  [129s]
   (45,49)    769     0     4  [153s]
   (45,49)   1153     0     4  [224s]
   (45,49)   1217     0     4  [236s]
     (3,7)    193   193     4  [36s]
     (3,7)    257   257     4  [49s]
     (3,7)    449   449     4  [87s]
     (3,7)    577   577     4  [109s]
     (3,7)    641   641     4  [122s]
     (3,7)    769   769     4  [151s]
     (3,7)   1153  1153     4  [240s]
     (3,7)   1217  1217     4  [247s]
     (1,5)    193   193     4  [37s]
     (1,5)    257   257     4  [53s]
     (1,5)    449   449     4  [100s]
     (1,5)    577   577     4  [129s]
     (1,5)    641   641     4  [142s]
     (1,5)    769   769     4  [172s]
     (1,5)   1153  1153     4  [252s]
     (1,5)   1217  1217     4  [251s]
   (47,51)    193     0     4  [39s]
   (47,51)    257     0     4  [52s]
   (47,51)    449     0     4  [92s]
   (47,51)    577     0     4  [118s]
   (47,51)    641     0     4  [131s]
   (47,51)    769     0     4  [157s]
   (47,51)   1153     0     4  [234s]
   (47,51)   1217     0     4  [245s]
