=== Substitution Principle empirical verification ===
q = 193, 20 ρ-samples per case

3-mono reducible cases at (16, 4) (gcd = 2):
         (16,4) case |   K_(16,4) |     (8,2) case |    K_(8,2) | match?
---------------------------------------------------------------------------
           (2, 4, 6) |          0 |      (1, 2, 3) |          0 | ✓
           (2, 4, 8) |          4 |      (1, 2, 4) |          4 | ✓
          (2, 4, 10) |          8 |      (1, 2, 5) |          8 | ✓
          (2, 4, 12) |          4 |      (1, 2, 6) |          4 | ✓
          (2, 4, 14) |          0 |      (1, 2, 7) |          0 | ✓
           (2, 6, 8) |          8 |      (1, 3, 4) |          8 | ✓
          (2, 6, 10) |          4 |      (1, 3, 5) |          4 | ✓
          (2, 6, 12) |          0 |      (1, 3, 6) |          0 | ✓
          (2, 6, 14) |          4 |      (1, 3, 7) |          4 | ✓
          (2, 8, 10) |        193 |      (1, 4, 5) |        193 | ✓
          (2, 8, 12) |          5 |      (1, 4, 6) |          5 | ✓
          (2, 8, 14) |          9 |      (1, 4, 7) |          9 | ✓
