=== Verify B_1 ⊂ L_1-bad set (proof of Note 0183) ===

  L_0 order 32, L_1 order 16, L_2 order 8
  w_J(L_1) = 8, w_J(L_2) = 4
  M_max(L_1) = 9 = 9

sup=(15, 18, 19), coefs=[5, 88, 26], max d at L_1 = 11 (above-J)
  |B_1| = 9: [0, 10, 15, 24, 64, 69, 70, 93, 96]
  |L_1-bad| = 9: [0, 10, 15, 24, 64, 69, 70, 93, 96]
  B_1 ⊂ L_1-bad? True
  |L_1-bad| ≤ 9? True

sup=(15, 18, 19), coefs=[33, 23, 46], max d at L_1 = 11 (above-J)
  |B_1| = 9: [0, 19, 38, 54, 55, 64, 77, 79, 82]
  |L_1-bad| = 9: [0, 19, 38, 54, 55, 64, 77, 79, 82]
  B_1 ⊂ L_1-bad? True
  |L_1-bad| ≤ 9? True

sup=(1, 3, 5), coefs=[60, 63, 66], max d at L_1 = 0 (NOT above-J)
  |B_1| = 97: [0, 1, 2, 3, 4, 5, 6, 7, 8, 9, 10, 11, 12, 13, 14, 15, 16, 17, 18, 19, 20, 21, 22, 23, 24, 25, 26, 27, 28, 29, 30, 31, 32, 33, 34, 35, 36, 37, 38, 39, 40, 41, 42, 43, 44, 45, 46, 47, 48, 49, 50, 51, 52, 53, 54, 55, 56, 57, 58, 59, 60, 61, 62, 63, 64, 65, 66, 67, 68, 69, 70, 71, 72, 73, 74, 75, 76, 77, 78, 79, 80, 81, 82, 83, 84, 85, 86, 87, 88, 89, 90, 91, 92, 93, 94, 95, 96]
  |L_1-bad| = 97: [0, 1, 2, 3, 4, 5, 6, 7, 8, 9, 10, 11, 12, 13, 14]...
  B_1 ⊂ L_1-bad? True
  |L_1-bad| ≤ 9? False

sup=(1, 3, 5), coefs=[43, 6, 50], max d at L_1 = 0 (NOT above-J)
  |B_1| = 97: [0, 1, 2, 3, 4, 5, 6, 7, 8, 9, 10, 11, 12, 13, 14, 15, 16, 17, 18, 19, 20, 21, 22, 23, 24, 25, 26, 27, 28, 29, 30, 31, 32, 33, 34, 35, 36, 37, 38, 39, 40, 41, 42, 43, 44, 45, 46, 47, 48, 49, 50, 51, 52, 53, 54, 55, 56, 57, 58, 59, 60, 61, 62, 63, 64, 65, 66, 67, 68, 69, 70, 71, 72, 73, 74, 75, 76, 77, 78, 79, 80, 81, 82, 83, 84, 85, 86, 87, 88, 89, 90, 91, 92, 93, 94, 95, 96]
  |L_1-bad| = 97: [0, 1, 2, 3, 4, 5, 6, 7, 8, 9, 10, 11, 12, 13, 14]...
  B_1 ⊂ L_1-bad? True
  |L_1-bad| ≤ 9? False

sup=(3, 5, 18), coefs=[91, 53, 7], max d at L_1 = 8 (NOT above-J)
  |B_1| = 97: [0, 1, 2, 3, 4, 5, 6, 7, 8, 9, 10, 11, 12, 13, 14, 15, 16, 17, 18, 19, 20, 21, 22, 23, 24, 25, 26, 27, 28, 29, 30, 31, 32, 33, 34, 35, 36, 37, 38, 39, 40, 41, 42, 43, 44, 45, 46, 47, 48, 49, 50, 51, 52, 53, 54, 55, 56, 57, 58, 59, 60, 61, 62, 63, 64, 65, 66, 67, 68, 69, 70, 71, 72, 73, 74, 75, 76, 77, 78, 79, 80, 81, 82, 83, 84, 85, 86, 87, 88, 89, 90, 91, 92, 93, 94, 95, 96]
  |L_1-bad| = 97: [0, 1, 2, 3, 4, 5, 6, 7, 8, 9, 10, 11, 12, 13, 14]...
  B_1 ⊂ L_1-bad? True
  |L_1-bad| ≤ 9? False

sup=(3, 5, 18), coefs=[2, 7, 18], max d at L_1 = 8 (NOT above-J)
  |B_1| = 97: [0, 1, 2, 3, 4, 5, 6, 7, 8, 9, 10, 11, 12, 13, 14, 15, 16, 17, 18, 19, 20, 21, 22, 23, 24, 25, 26, 27, 28, 29, 30, 31, 32, 33, 34, 35, 36, 37, 38, 39, 40, 41, 42, 43, 44, 45, 46, 47, 48, 49, 50, 51, 52, 53, 54, 55, 56, 57, 58, 59, 60, 61, 62, 63, 64, 65, 66, 67, 68, 69, 70, 71, 72, 73, 74, 75, 76, 77, 78, 79, 80, 81, 82, 83, 84, 85, 86, 87, 88, 89, 90, 91, 92, 93, 94, 95, 96]
  |L_1-bad| = 97: [0, 1, 2, 3, 4, 5, 6, 7, 8, 9, 10, 11, 12, 13, 14]...
  B_1 ⊂ L_1-bad? True
  |L_1-bad| ≤ 9? False

sup=(15, 19, 22), coefs=[5, 88, 26], max d at L_1 = 11 (above-J)
  |B_1| = 2: [0, 2]
  |L_1-bad| = 2: [0, 2]
  B_1 ⊂ L_1-bad? True
  |L_1-bad| ≤ 9? True

sup=(15, 19, 22), coefs=[33, 23, 46], max d at L_1 = 11 (above-J)
  |B_1| = 1: [0]
  |L_1-bad| = 1: [0]
  B_1 ⊂ L_1-bad? True
  |L_1-bad| ≤ 9? True

sup=(1, 3, 7), coefs=[1, 33, 10], max d at L_1 = 0 (NOT above-J)
  |B_1| = 97: [0, 1, 2, 3, 4, 5, 6, 7, 8, 9, 10, 11, 12, 13, 14, 15, 16, 17, 18, 19, 20, 21, 22, 23, 24, 25, 26, 27, 28, 29, 30, 31, 32, 33, 34, 35, 36, 37, 38, 39, 40, 41, 42, 43, 44, 45, 46, 47, 48, 49, 50, 51, 52, 53, 54, 55, 56, 57, 58, 59, 60, 61, 62, 63, 64, 65, 66, 67, 68, 69, 70, 71, 72, 73, 74, 75, 76, 77, 78, 79, 80, 81, 82, 83, 84, 85, 86, 87, 88, 89, 90, 91, 92, 93, 94, 95, 96]
  |L_1-bad| = 97: [0, 1, 2, 3, 4, 5, 6, 7, 8, 9, 10, 11, 12, 13, 14]...
  B_1 ⊂ L_1-bad? True
  |L_1-bad| ≤ 9? False

sup=(1, 3, 7), coefs=[68, 1, 46], max d at L_1 = 0 (NOT above-J)
  |B_1| = 97: [0, 1, 2, 3, 4, 5, 6, 7, 8, 9, 10, 11, 12, 13, 14, 15, 16, 17, 18, 19, 20, 21, 22, 23, 24, 25, 26, 27, 28, 29, 30, 31, 32, 33, 34, 35, 36, 37, 38, 39, 40, 41, 42, 43, 44, 45, 46, 47, 48, 49, 50, 51, 52, 53, 54, 55, 56, 57, 58, 59, 60, 61, 62, 63, 64, 65, 66, 67, 68, 69, 70, 71, 72, 73, 74, 75, 76, 77, 78, 79, 80, 81, 82, 83, 84, 85, 86, 87, 88, 89, 90, 91, 92, 93, 94, 95, 96]
  |L_1-bad| = 97: [0, 1, 2, 3, 4, 5, 6, 7, 8, 9, 10, 11, 12, 13, 14]...
  B_1 ⊂ L_1-bad? True
  |L_1-bad| ≤ 9? False

sup=(5, 7, 9), coefs=[43, 57, 47], max d at L_1 = 12 (above-J)
  |B_1| = 1: [0]
  |L_1-bad| = 1: [0]
  B_1 ⊂ L_1-bad? True
  |L_1-bad| ≤ 9? True

sup=(5, 7, 9), coefs=[39, 56, 92], max d at L_1 = 12 (above-J)
  |B_1| = 1: [0]
  |L_1-bad| = 1: [0]
  B_1 ⊂ L_1-bad? True
  |L_1-bad| ≤ 9? True

