Issue #396 no-full monomial-tail obstruction
L2=(16,4), exponents=[4,16)

=== q=97 ===
hist={'full_block_subsets': 1974, 'no_full_subsets': 10896}
occupancy_hist:
  (2, 2, 2, 2): 1296
  (3, 2, 2, 1): 576
  (2, 3, 2, 1): 576
  (2, 2, 3, 1): 576
  (3, 2, 1, 2): 576
  (2, 3, 1, 2): 576
  (2, 2, 1, 3): 576
  (3, 1, 2, 2): 576
  (2, 1, 3, 2): 576
  (2, 1, 2, 3): 576
  (1, 3, 2, 2): 576
  (1, 2, 3, 2): 576
first_bad=None

=== q=193 ===
hist={'full_block_subsets': 1974, 'no_full_subsets': 10896}
occupancy_hist:
  (2, 2, 2, 2): 1296
  (3, 2, 2, 1): 576
  (2, 3, 2, 1): 576
  (2, 2, 3, 1): 576
  (3, 2, 1, 2): 576
  (2, 3, 1, 2): 576
  (2, 2, 1, 3): 576
  (3, 1, 2, 2): 576
  (2, 1, 3, 2): 576
  (2, 1, 2, 3): 576
  (1, 3, 2, 2): 576
  (1, 2, 3, 2): 576
first_bad=None

=== q=257 ===
hist={'full_block_subsets': 1974, 'no_full_subsets': 10896}
occupancy_hist:
  (2, 2, 2, 2): 1296
  (3, 2, 2, 1): 576
  (2, 3, 2, 1): 576
  (2, 2, 3, 1): 576
  (3, 2, 1, 2): 576
  (2, 3, 1, 2): 576
  (2, 2, 1, 3): 576
  (3, 1, 2, 2): 576
  (2, 1, 3, 2): 576
  (2, 1, 2, 3): 576
  (1, 3, 2, 2): 576
  (1, 2, 3, 2): 576
first_bad=None

=== q=449 ===
hist={'full_block_subsets': 1974, 'no_full_subsets': 10896}
occupancy_hist:
  (2, 2, 2, 2): 1296
  (3, 2, 2, 1): 576
  (2, 3, 2, 1): 576
  (2, 2, 3, 1): 576
  (3, 2, 1, 2): 576
  (2, 3, 1, 2): 576
  (2, 2, 1, 3): 576
  (3, 1, 2, 2): 576
  (2, 1, 3, 2): 576
  (2, 1, 2, 3): 576
  (1, 3, 2, 2): 576
  (1, 2, 3, 2): 576
first_bad=None

=== q=577 ===
hist={'full_block_subsets': 1974, 'no_full_subsets': 10896}
occupancy_hist:
  (2, 2, 2, 2): 1296
  (3, 2, 2, 1): 576
  (2, 3, 2, 1): 576
  (2, 2, 3, 1): 576
  (3, 2, 1, 2): 576
  (2, 3, 1, 2): 576
  (2, 2, 1, 3): 576
  (3, 1, 2, 2): 576
  (2, 1, 3, 2): 576
  (2, 1, 2, 3): 576
  (1, 3, 2, 2): 576
  (1, 2, 3, 2): 576
first_bad=None

=== q=769 ===
hist={'full_block_subsets': 1974, 'no_full_subsets': 10896}
occupancy_hist:
  (2, 2, 2, 2): 1296
  (3, 2, 2, 1): 576
  (2, 3, 2, 1): 576
  (2, 2, 3, 1): 576
  (3, 2, 1, 2): 576
  (2, 3, 1, 2): 576
  (2, 2, 1, 3): 576
  (3, 1, 2, 2): 576
  (2, 1, 3, 2): 576
  (2, 1, 2, 3): 576
  (1, 3, 2, 2): 576
  (1, 2, 3, 2): 576
first_bad=None

=== q=1153 ===
hist={'full_block_subsets': 1974, 'no_full_subsets': 10896}
occupancy_hist:
  (2, 2, 2, 2): 1296
  (3, 2, 2, 1): 576
  (2, 3, 2, 1): 576
  (2, 2, 3, 1): 576
  (3, 2, 1, 2): 576
  (2, 3, 1, 2): 576
  (2, 2, 1, 3): 576
  (3, 1, 2, 2): 576
  (2, 1, 3, 2): 576
  (2, 1, 2, 3): 576
  (1, 3, 2, 2): 576
  (1, 2, 3, 2): 576
first_bad=None

