Issue #396 saturated 8-subset component enumerator
At L2=(16,4), witness_count = component_count * binom(8,4).

=== sup=(33, 44, 45) mod4=(1, 0, 1) q=193 ===
component_count_hist={2:177, 10:16}
  count=2 example_alpha1=0
    S=(0, 2, 4, 6, 8, 10, 12, 14) even=8,mod4=(4, 0, 4, 0),gaps=(2, 2, 2, 2, 2, 2, 2, 2)
    S=(1, 3, 5, 7, 9, 11, 13, 15) even=0,mod4=(0, 4, 0, 4),gaps=(2, 2, 2, 2, 2, 2, 2, 2)
  count=10 example_alpha1=5
    S=(0, 2, 4, 6, 8, 10, 12, 14) even=8,mod4=(4, 0, 4, 0),gaps=(2, 2, 2, 2, 2, 2, 2, 2)
    S=(0, 2, 4, 6, 8, 10, 12, 15) even=7,mod4=(4, 0, 3, 1),gaps=(2, 2, 2, 2, 2, 2, 3, 1)
    S=(0, 2, 4, 6, 8, 10, 14, 15) even=7,mod4=(3, 0, 4, 1),gaps=(2, 2, 2, 2, 2, 4, 1, 1)
    S=(0, 2, 4, 6, 8, 12, 14, 15) even=7,mod4=(4, 0, 3, 1),gaps=(2, 2, 2, 2, 4, 2, 1, 1)
    S=(0, 2, 4, 6, 10, 12, 14, 15) even=7,mod4=(3, 0, 4, 1),gaps=(2, 2, 2, 4, 2, 2, 1, 1)
    S=(0, 2, 4, 8, 10, 12, 14, 15) even=7,mod4=(4, 0, 3, 1),gaps=(2, 2, 4, 2, 2, 2, 1, 1)
    S=(0, 2, 6, 8, 10, 12, 14, 15) even=7,mod4=(3, 0, 4, 1),gaps=(2, 4, 2, 2, 2, 2, 1, 1)
    S=(0, 4, 6, 8, 10, 12, 14, 15) even=7,mod4=(4, 0, 3, 1),gaps=(4, 2, 2, 2, 2, 2, 1, 1)
    S=(1, 3, 5, 7, 9, 11, 13, 15) even=0,mod4=(0, 4, 0, 4),gaps=(2, 2, 2, 2, 2, 2, 2, 2)
    S=(2, 4, 6, 8, 10, 12, 14, 15) even=7,mod4=(3, 0, 4, 1),gaps=(2, 2, 2, 2, 2, 2, 1, 3)

=== sup=(33, 35, 47) mod4=(1, 3, 3) q=193 ===
component_count_hist={2:192, 12870:1}
  count=2 example_alpha1=1
    S=(0, 2, 4, 6, 8, 10, 12, 14) even=8,mod4=(4, 0, 4, 0),gaps=(2, 2, 2, 2, 2, 2, 2, 2)
    S=(1, 3, 5, 7, 9, 11, 13, 15) even=0,mod4=(0, 4, 0, 4),gaps=(2, 2, 2, 2, 2, 2, 2, 2)
  count=12870 example_alpha1=0
    S=(0, 1, 2, 3, 4, 5, 6, 7) even=4,mod4=(2, 2, 2, 2),gaps=(1, 1, 1, 1, 1, 1, 1, 9)
    S=(0, 1, 2, 3, 4, 5, 6, 8) even=5,mod4=(3, 2, 2, 1),gaps=(1, 1, 1, 1, 1, 1, 2, 8)
    S=(0, 1, 2, 3, 4, 5, 6, 9) even=4,mod4=(2, 3, 2, 1),gaps=(1, 1, 1, 1, 1, 1, 3, 7)
    S=(0, 1, 2, 3, 4, 5, 6, 10) even=5,mod4=(2, 2, 3, 1),gaps=(1, 1, 1, 1, 1, 1, 4, 6)
    S=(0, 1, 2, 3, 4, 5, 6, 11) even=4,mod4=(2, 2, 2, 2),gaps=(1, 1, 1, 1, 1, 1, 5, 5)
    S=(0, 1, 2, 3, 4, 5, 6, 12) even=5,mod4=(3, 2, 2, 1),gaps=(1, 1, 1, 1, 1, 1, 6, 4)
    S=(0, 1, 2, 3, 4, 5, 6, 13) even=4,mod4=(2, 3, 2, 1),gaps=(1, 1, 1, 1, 1, 1, 7, 3)
    S=(0, 1, 2, 3, 4, 5, 6, 14) even=5,mod4=(2, 2, 3, 1),gaps=(1, 1, 1, 1, 1, 1, 8, 2)
    S=(0, 1, 2, 3, 4, 5, 6, 15) even=4,mod4=(2, 2, 2, 2),gaps=(1, 1, 1, 1, 1, 1, 9, 1)
    S=(0, 1, 2, 3, 4, 5, 7, 8) even=4,mod4=(3, 2, 1, 2),gaps=(1, 1, 1, 1, 1, 2, 1, 8)
    S=(0, 1, 2, 3, 4, 5, 7, 9) even=3,mod4=(2, 3, 1, 2),gaps=(1, 1, 1, 1, 1, 2, 2, 7)
    S=(0, 1, 2, 3, 4, 5, 7, 10) even=4,mod4=(2, 2, 2, 2),gaps=(1, 1, 1, 1, 1, 2, 3, 6)

=== sup=(24, 35, 46, 57) mod4=(0, 3, 2, 1) q=193 ===
component_count_hist={0:191, 1:2}
  count=1 example_alpha1=25
    S=(0, 2, 4, 6, 8, 10, 12, 14) even=8,mod4=(4, 0, 4, 0),gaps=(2, 2, 2, 2, 2, 2, 2, 2)

