Issue #396 no-full symbolic pattern audit
q=193, L2=(16,4), support_window=[16,64), supports=17296

class_hist:
  rank<2: 22055749

mechanism_hist:
  ('rank<2', 'zero-row'): 22053504
  ('rank<2', 'u=0/v2'): 1056
  ('rank<2', 'v=0/u2'): 1024
  ('rank<2', 'u=0/v3'): 101
  ('rank<2', 'v=0/u3'): 64

mechanism_examples:
  ('rank<2', 'v=0/u3'): {'support': (16, 25, 56), 'alpha1': 84, 'S': (0, 2, 3, 5, 8, 10, 11, 13), 'occupancy': (2, 2, 2, 2), 'support_signature': ((0, 1, 0), (1, 1, 1), (3, 0)), 'coefs': (64, 105, 66)}
  ('rank<2', 'zero-row'): {'support': (17, 19, 21), 'alpha1': 0, 'S': (0, 1, 2, 3, 4, 5, 6, 7), 'occupancy': (2, 2, 2, 2), 'support_signature': ((1, 3, 1), (2, 1), (2, 1)), 'coefs': (111, 48, 98)}
  ('rank<2', 'u=0/v3'): {'support': (19, 34, 59), 'alpha1': 18, 'S': (1, 4, 6, 7, 9, 12, 14, 15), 'occupancy': (2, 2, 2, 2), 'support_signature': ((3, 2, 3), (1, 1, 1), (0, 3)), 'coefs': (135, 103, 192)}
  ('rank<2', 'v=0/u2'): {'support': (32, 33, 40), 'alpha1': 11, 'S': (0, 1, 2, 4, 6, 8, 9, 10), 'occupancy': (3, 2, 3, 0), 'support_signature': ((0, 1, 0), (2, 1), (3, 0)), 'coefs': (24, 67, 99)}
  ('rank<2', 'u=0/v2'): {'support': (34, 35, 42), 'alpha1': 107, 'S': (0, 1, 2, 4, 6, 8, 9, 10), 'occupancy': (3, 2, 3, 0), 'support_signature': ((2, 3, 2), (2, 1), (0, 3)), 'coefs': (27, 187, 131)}

occupancy_hist:
  ('rank<2', (2, 2, 2, 2)): 2623145
  ('rank<2', (2, 3, 1, 2)): 1165825
  ('rank<2', (3, 2, 2, 1)): 1165824
  ('rank<2', (2, 3, 2, 1)): 1165824
  ('rank<2', (2, 2, 3, 1)): 1165824
  ('rank<2', (3, 2, 1, 2)): 1165824
  ('rank<2', (2, 2, 1, 3)): 1165824
  ('rank<2', (3, 1, 2, 2)): 1165824
  ('rank<2', (2, 1, 3, 2)): 1165824
  ('rank<2', (2, 1, 2, 3)): 1165824
  ('rank<2', (1, 3, 2, 2)): 1165824
  ('rank<2', (1, 2, 3, 2)): 1165824
  ('rank<2', (1, 2, 2, 3)): 1165824
  ('rank<2', (3, 1, 3, 1)): 518192
  ('rank<2', (1, 3, 1, 3)): 518160
  ('rank<2', (3, 1, 1, 3)): 518156
  ('rank<2', (1, 3, 3, 1)): 518153
  ('rank<2', (1, 1, 3, 3)): 518148
  ('rank<2', (3, 3, 1, 1)): 518146
  ('rank<2', (3, 2, 3, 0)): 194832
  ('rank<2', (2, 3, 0, 3)): 194832
  ('rank<2', (3, 0, 3, 2)): 194832
  ('rank<2', (0, 3, 2, 3)): 194832
  ('rank<2', (3, 3, 2, 0)): 194304
  ('rank<2', (2, 3, 3, 0)): 194304
  ('rank<2', (3, 3, 0, 2)): 194304
  ('rank<2', (3, 2, 0, 3)): 194304
  ('rank<2', (3, 0, 2, 3)): 194304
  ('rank<2', (2, 0, 3, 3)): 194304
  ('rank<2', (0, 3, 3, 2)): 194304
  ('rank<2', (0, 2, 3, 3)): 194304

support_key_hist:
  ((1, 1, 1), (1, 1, 1), (3, 0)): 2397120
  ((1, 1, 3), (1, 1, 1), (2, 1)): 2397120
  ((1, 3, 1), (1, 1, 1), (2, 1)): 2397120
  ((1, 3, 3), (1, 1, 1), (1, 2)): 2397120
  ((3, 1, 1), (1, 1, 1), (2, 1)): 2397120
  ((3, 1, 3), (1, 1, 1), (1, 2)): 2397120
  ((3, 3, 1), (1, 1, 1), (1, 2)): 2397120
  ((3, 3, 3), (1, 1, 1), (0, 3)): 2397120
  ((1, 3, 1), (2, 1), (2, 1)): 719136
  ((1, 3, 3), (2, 1), (1, 2)): 719136
  ((1, 1, 3), (2, 1), (2, 1)): 719136
  ((3, 1, 3), (2, 1), (1, 2)): 719136
  ((0, 1, 0), (2, 1), (3, 0)): 256
  ((0, 1, 1), (2, 1), (3, 0)): 256
  ((0, 0, 1), (2, 1), (3, 0)): 256
  ((1, 0, 1), (2, 1), (3, 0)): 256
  ((2, 3, 2), (2, 1), (0, 3)): 256
  ((2, 3, 3), (2, 1), (0, 3)): 256
  ((2, 2, 3), (2, 1), (0, 3)): 256
  ((3, 2, 3), (2, 1), (0, 3)): 240
  ((2, 2, 1), (1, 1, 1), (1, 2)): 48
  ((3, 2, 2), (1, 1, 1), (0, 3)): 45
  ((0, 1, 0), (1, 1, 1), (3, 0)): 23
  ((0, 0, 1), (1, 1, 1), (3, 0)): 23
  ((2, 2, 3), (1, 1, 1), (0, 3)): 21
  ((2, 3, 2), (1, 1, 1), (0, 3)): 18
  ((3, 3, 2), (1, 1, 1), (0, 3)): 8
  ((1, 0, 1), (1, 1, 1), (3, 0)): 7
  ((3, 2, 3), (1, 1, 1), (0, 3)): 6
  ((1, 0, 0), (1, 1, 1), (3, 0)): 4
  ((1, 1, 0), (1, 1, 1), (3, 0)): 4
  ((0, 1, 1), (1, 1, 1), (3, 0)): 3
  ((2, 3, 3), (1, 1, 1), (0, 3)): 3

joint_hist:
  (((1, 1, 1), (1, 1, 1), (3, 0)), (2, 2, 2, 2), 'rank<2', 'zero-row'): 285120
  (((1, 1, 3), (1, 1, 1), (2, 1)), (2, 2, 2, 2), 'rank<2', 'zero-row'): 285120
  (((1, 3, 1), (1, 1, 1), (2, 1)), (2, 2, 2, 2), 'rank<2', 'zero-row'): 285120
  (((1, 3, 3), (1, 1, 1), (1, 2)), (2, 2, 2, 2), 'rank<2', 'zero-row'): 285120
  (((3, 1, 1), (1, 1, 1), (2, 1)), (2, 2, 2, 2), 'rank<2', 'zero-row'): 285120
  (((3, 1, 3), (1, 1, 1), (1, 2)), (2, 2, 2, 2), 'rank<2', 'zero-row'): 285120
  (((3, 3, 1), (1, 1, 1), (1, 2)), (2, 2, 2, 2), 'rank<2', 'zero-row'): 285120
  (((3, 3, 3), (1, 1, 1), (0, 3)), (2, 2, 2, 2), 'rank<2', 'zero-row'): 285120
  (((1, 1, 1), (1, 1, 1), (3, 0)), (3, 2, 2, 1), 'rank<2', 'zero-row'): 126720
  (((1, 1, 1), (1, 1, 1), (3, 0)), (2, 3, 2, 1), 'rank<2', 'zero-row'): 126720
  (((1, 1, 1), (1, 1, 1), (3, 0)), (2, 2, 3, 1), 'rank<2', 'zero-row'): 126720
  (((1, 1, 1), (1, 1, 1), (3, 0)), (3, 2, 1, 2), 'rank<2', 'zero-row'): 126720
  (((1, 1, 1), (1, 1, 1), (3, 0)), (2, 3, 1, 2), 'rank<2', 'zero-row'): 126720
  (((1, 1, 1), (1, 1, 1), (3, 0)), (2, 2, 1, 3), 'rank<2', 'zero-row'): 126720
  (((1, 1, 1), (1, 1, 1), (3, 0)), (3, 1, 2, 2), 'rank<2', 'zero-row'): 126720
  (((1, 1, 1), (1, 1, 1), (3, 0)), (2, 1, 3, 2), 'rank<2', 'zero-row'): 126720
  (((1, 1, 1), (1, 1, 1), (3, 0)), (2, 1, 2, 3), 'rank<2', 'zero-row'): 126720
  (((1, 1, 1), (1, 1, 1), (3, 0)), (1, 3, 2, 2), 'rank<2', 'zero-row'): 126720
  (((1, 1, 1), (1, 1, 1), (3, 0)), (1, 2, 3, 2), 'rank<2', 'zero-row'): 126720
  (((1, 1, 1), (1, 1, 1), (3, 0)), (1, 2, 2, 3), 'rank<2', 'zero-row'): 126720
  (((1, 1, 3), (1, 1, 1), (2, 1)), (3, 2, 2, 1), 'rank<2', 'zero-row'): 126720
  (((1, 1, 3), (1, 1, 1), (2, 1)), (2, 3, 2, 1), 'rank<2', 'zero-row'): 126720
  (((1, 1, 3), (1, 1, 1), (2, 1)), (2, 2, 3, 1), 'rank<2', 'zero-row'): 126720
  (((1, 1, 3), (1, 1, 1), (2, 1)), (3, 2, 1, 2), 'rank<2', 'zero-row'): 126720
  (((1, 1, 3), (1, 1, 1), (2, 1)), (2, 3, 1, 2), 'rank<2', 'zero-row'): 126720
  (((1, 1, 3), (1, 1, 1), (2, 1)), (2, 2, 1, 3), 'rank<2', 'zero-row'): 126720
  (((1, 1, 3), (1, 1, 1), (2, 1)), (3, 1, 2, 2), 'rank<2', 'zero-row'): 126720
  (((1, 1, 3), (1, 1, 1), (2, 1)), (2, 1, 3, 2), 'rank<2', 'zero-row'): 126720
  (((1, 1, 3), (1, 1, 1), (2, 1)), (2, 1, 2, 3), 'rank<2', 'zero-row'): 126720
  (((1, 1, 3), (1, 1, 1), (2, 1)), (1, 3, 2, 2), 'rank<2', 'zero-row'): 126720
  (((1, 1, 3), (1, 1, 1), (2, 1)), (1, 2, 3, 2), 'rank<2', 'zero-row'): 126720
  (((1, 1, 3), (1, 1, 1), (2, 1)), (1, 2, 2, 3), 'rank<2', 'zero-row'): 126720
  (((1, 3, 1), (1, 1, 1), (2, 1)), (3, 2, 2, 1), 'rank<2', 'zero-row'): 126720
  (((1, 3, 1), (1, 1, 1), (2, 1)), (2, 3, 2, 1), 'rank<2', 'zero-row'): 126720
  (((1, 3, 1), (1, 1, 1), (2, 1)), (2, 2, 3, 1), 'rank<2', 'zero-row'): 126720
  (((1, 3, 1), (1, 1, 1), (2, 1)), (3, 2, 1, 2), 'rank<2', 'zero-row'): 126720
  (((1, 3, 1), (1, 1, 1), (2, 1)), (2, 3, 1, 2), 'rank<2', 'zero-row'): 126720
  (((1, 3, 1), (1, 1, 1), (2, 1)), (2, 2, 1, 3), 'rank<2', 'zero-row'): 126720
  (((1, 3, 1), (1, 1, 1), (2, 1)), (3, 1, 2, 2), 'rank<2', 'zero-row'): 126720
  (((1, 3, 1), (1, 1, 1), (2, 1)), (2, 1, 3, 2), 'rank<2', 'zero-row'): 126720

examples:
  (((0, 1, 0), (1, 1, 1), (3, 0)), (2, 2, 2, 2), 'rank<2', 'v=0/u3'): {'support': (16, 25, 56), 'alpha1': 84, 'S': (0, 2, 3, 5, 8, 10, 11, 13), 'coefs': (64, 105, 66)}
  (((0, 0, 1), (1, 1, 1), (3, 0)), (1, 1, 3, 3), 'rank<2', 'v=0/u3'): {'support': (16, 36, 45), 'alpha1': 46, 'S': (2, 3, 7, 8, 9, 10, 14, 15), 'coefs': (10, 92, 6)}
  (((1, 3, 1), (2, 1), (2, 1)), (2, 2, 2, 2), 'rank<2', 'zero-row'): {'support': (17, 19, 21), 'alpha1': 0, 'S': (0, 1, 2, 3, 4, 5, 6, 7), 'coefs': (111, 48, 98)}
  (((1, 3, 1), (2, 1), (2, 1)), (3, 2, 2, 1), 'rank<2', 'zero-row'): {'support': (17, 19, 21), 'alpha1': 0, 'S': (0, 1, 2, 3, 4, 5, 6, 8), 'coefs': (111, 48, 98)}
  (((1, 3, 1), (2, 1), (2, 1)), (2, 3, 2, 1), 'rank<2', 'zero-row'): {'support': (17, 19, 21), 'alpha1': 0, 'S': (0, 1, 2, 3, 4, 5, 6, 9), 'coefs': (111, 48, 98)}
  (((1, 3, 1), (2, 1), (2, 1)), (2, 2, 3, 1), 'rank<2', 'zero-row'): {'support': (17, 19, 21), 'alpha1': 0, 'S': (0, 1, 2, 3, 4, 5, 6, 10), 'coefs': (111, 48, 98)}
  (((1, 3, 1), (2, 1), (2, 1)), (3, 2, 1, 2), 'rank<2', 'zero-row'): {'support': (17, 19, 21), 'alpha1': 0, 'S': (0, 1, 2, 3, 4, 5, 7, 8), 'coefs': (111, 48, 98)}
  (((1, 3, 1), (2, 1), (2, 1)), (2, 3, 1, 2), 'rank<2', 'zero-row'): {'support': (17, 19, 21), 'alpha1': 0, 'S': (0, 1, 2, 3, 4, 5, 7, 9), 'coefs': (111, 48, 98)}
  (((1, 3, 1), (2, 1), (2, 1)), (2, 2, 1, 3), 'rank<2', 'zero-row'): {'support': (17, 19, 21), 'alpha1': 0, 'S': (0, 1, 2, 3, 4, 5, 7, 11), 'coefs': (111, 48, 98)}
  (((1, 3, 1), (2, 1), (2, 1)), (3, 3, 1, 1), 'rank<2', 'zero-row'): {'support': (17, 19, 21), 'alpha1': 0, 'S': (0, 1, 2, 3, 4, 5, 8, 9), 'coefs': (111, 48, 98)}
  (((1, 3, 1), (2, 1), (2, 1)), (3, 1, 2, 2), 'rank<2', 'zero-row'): {'support': (17, 19, 21), 'alpha1': 0, 'S': (0, 1, 2, 3, 4, 6, 7, 8), 'coefs': (111, 48, 98)}
  (((1, 3, 1), (2, 1), (2, 1)), (2, 1, 3, 2), 'rank<2', 'zero-row'): {'support': (17, 19, 21), 'alpha1': 0, 'S': (0, 1, 2, 3, 4, 6, 7, 10), 'coefs': (111, 48, 98)}
  (((1, 3, 1), (2, 1), (2, 1)), (2, 1, 2, 3), 'rank<2', 'zero-row'): {'support': (17, 19, 21), 'alpha1': 0, 'S': (0, 1, 2, 3, 4, 6, 7, 11), 'coefs': (111, 48, 98)}
  (((1, 3, 1), (2, 1), (2, 1)), (3, 1, 3, 1), 'rank<2', 'zero-row'): {'support': (17, 19, 21), 'alpha1': 0, 'S': (0, 1, 2, 3, 4, 6, 8, 10), 'coefs': (111, 48, 98)}
  (((1, 3, 1), (2, 1), (2, 1)), (3, 1, 1, 3), 'rank<2', 'zero-row'): {'support': (17, 19, 21), 'alpha1': 0, 'S': (0, 1, 2, 3, 4, 7, 8, 11), 'coefs': (111, 48, 98)}
  (((1, 3, 1), (2, 1), (2, 1)), (1, 3, 2, 2), 'rank<2', 'zero-row'): {'support': (17, 19, 21), 'alpha1': 0, 'S': (0, 1, 2, 3, 5, 6, 7, 9), 'coefs': (111, 48, 98)}
  (((1, 3, 1), (2, 1), (2, 1)), (1, 2, 3, 2), 'rank<2', 'zero-row'): {'support': (17, 19, 21), 'alpha1': 0, 'S': (0, 1, 2, 3, 5, 6, 7, 10), 'coefs': (111, 48, 98)}
  (((1, 3, 1), (2, 1), (2, 1)), (1, 2, 2, 3), 'rank<2', 'zero-row'): {'support': (17, 19, 21), 'alpha1': 0, 'S': (0, 1, 2, 3, 5, 6, 7, 11), 'coefs': (111, 48, 98)}
  (((1, 3, 1), (2, 1), (2, 1)), (1, 3, 3, 1), 'rank<2', 'zero-row'): {'support': (17, 19, 21), 'alpha1': 0, 'S': (0, 1, 2, 3, 5, 6, 9, 10), 'coefs': (111, 48, 98)}
  (((1, 3, 1), (2, 1), (2, 1)), (1, 3, 1, 3), 'rank<2', 'zero-row'): {'support': (17, 19, 21), 'alpha1': 0, 'S': (0, 1, 2, 3, 5, 7, 9, 11), 'coefs': (111, 48, 98)}
  (((1, 3, 1), (2, 1), (2, 1)), (1, 1, 3, 3), 'rank<2', 'zero-row'): {'support': (17, 19, 21), 'alpha1': 0, 'S': (0, 1, 2, 3, 6, 7, 10, 11), 'coefs': (111, 48, 98)}
  (((1, 3, 1), (2, 1), (2, 1)), (3, 3, 2, 0), 'rank<2', 'zero-row'): {'support': (17, 19, 21), 'alpha1': 0, 'S': (0, 1, 2, 4, 5, 6, 8, 9), 'coefs': (111, 48, 98)}
  (((1, 3, 1), (2, 1), (2, 1)), (3, 2, 3, 0), 'rank<2', 'zero-row'): {'support': (17, 19, 21), 'alpha1': 0, 'S': (0, 1, 2, 4, 5, 6, 8, 10), 'coefs': (111, 48, 98)}
  (((1, 3, 1), (2, 1), (2, 1)), (2, 3, 3, 0), 'rank<2', 'zero-row'): {'support': (17, 19, 21), 'alpha1': 0, 'S': (0, 1, 2, 4, 5, 6, 9, 10), 'coefs': (111, 48, 98)}
  (((1, 3, 1), (2, 1), (2, 1)), (3, 3, 0, 2), 'rank<2', 'zero-row'): {'support': (17, 19, 21), 'alpha1': 0, 'S': (0, 1, 3, 4, 5, 7, 8, 9), 'coefs': (111, 48, 98)}
  (((1, 3, 1), (2, 1), (2, 1)), (3, 2, 0, 3), 'rank<2', 'zero-row'): {'support': (17, 19, 21), 'alpha1': 0, 'S': (0, 1, 3, 4, 5, 7, 8, 11), 'coefs': (111, 48, 98)}
  (((1, 3, 1), (2, 1), (2, 1)), (2, 3, 0, 3), 'rank<2', 'zero-row'): {'support': (17, 19, 21), 'alpha1': 0, 'S': (0, 1, 3, 4, 5, 7, 9, 11), 'coefs': (111, 48, 98)}
  (((1, 3, 1), (2, 1), (2, 1)), (3, 0, 3, 2), 'rank<2', 'zero-row'): {'support': (17, 19, 21), 'alpha1': 0, 'S': (0, 2, 3, 4, 6, 7, 8, 10), 'coefs': (111, 48, 98)}
  (((1, 3, 1), (2, 1), (2, 1)), (3, 0, 2, 3), 'rank<2', 'zero-row'): {'support': (17, 19, 21), 'alpha1': 0, 'S': (0, 2, 3, 4, 6, 7, 8, 11), 'coefs': (111, 48, 98)}
  (((1, 3, 1), (2, 1), (2, 1)), (2, 0, 3, 3), 'rank<2', 'zero-row'): {'support': (17, 19, 21), 'alpha1': 0, 'S': (0, 2, 3, 4, 6, 7, 10, 11), 'coefs': (111, 48, 98)}
  (((1, 3, 1), (2, 1), (2, 1)), (0, 3, 3, 2), 'rank<2', 'zero-row'): {'support': (17, 19, 21), 'alpha1': 0, 'S': (1, 2, 3, 5, 6, 7, 9, 10), 'coefs': (111, 48, 98)}
  (((1, 3, 1), (2, 1), (2, 1)), (0, 3, 2, 3), 'rank<2', 'zero-row'): {'support': (17, 19, 21), 'alpha1': 0, 'S': (1, 2, 3, 5, 6, 7, 9, 11), 'coefs': (111, 48, 98)}
  (((1, 3, 1), (2, 1), (2, 1)), (0, 2, 3, 3), 'rank<2', 'zero-row'): {'support': (17, 19, 21), 'alpha1': 0, 'S': (1, 2, 3, 5, 6, 7, 10, 11), 'coefs': (111, 48, 98)}
  (((1, 3, 3), (2, 1), (1, 2)), (2, 2, 2, 2), 'rank<2', 'zero-row'): {'support': (17, 19, 23), 'alpha1': 0, 'S': (0, 1, 2, 3, 4, 5, 6, 7), 'coefs': (177, 39, 61)}
  (((1, 3, 3), (2, 1), (1, 2)), (3, 2, 2, 1), 'rank<2', 'zero-row'): {'support': (17, 19, 23), 'alpha1': 0, 'S': (0, 1, 2, 3, 4, 5, 6, 8), 'coefs': (177, 39, 61)}
  (((1, 3, 3), (2, 1), (1, 2)), (2, 3, 2, 1), 'rank<2', 'zero-row'): {'support': (17, 19, 23), 'alpha1': 0, 'S': (0, 1, 2, 3, 4, 5, 6, 9), 'coefs': (177, 39, 61)}
  (((1, 3, 3), (2, 1), (1, 2)), (2, 2, 3, 1), 'rank<2', 'zero-row'): {'support': (17, 19, 23), 'alpha1': 0, 'S': (0, 1, 2, 3, 4, 5, 6, 10), 'coefs': (177, 39, 61)}
  (((1, 3, 3), (2, 1), (1, 2)), (3, 2, 1, 2), 'rank<2', 'zero-row'): {'support': (17, 19, 23), 'alpha1': 0, 'S': (0, 1, 2, 3, 4, 5, 7, 8), 'coefs': (177, 39, 61)}
  (((1, 3, 3), (2, 1), (1, 2)), (2, 3, 1, 2), 'rank<2', 'zero-row'): {'support': (17, 19, 23), 'alpha1': 0, 'S': (0, 1, 2, 3, 4, 5, 7, 9), 'coefs': (177, 39, 61)}
  (((1, 3, 3), (2, 1), (1, 2)), (2, 2, 1, 3), 'rank<2', 'zero-row'): {'support': (17, 19, 23), 'alpha1': 0, 'S': (0, 1, 2, 3, 4, 5, 7, 11), 'coefs': (177, 39, 61)}
