=== Pattern C rank structure at n=12 c=3 ===
  Total size-3 supports on [12]: 220
  Pattern C configs found: 100
  dim X_γ distribution (across 3 random γ-tuples):
    (0, 0, 0): 100
  Non-uniform-dim examples: [([(2, 5, 6), (3, 5, 11), (6, 7, 10), (1, 4, 11)], [0, 0, 0]), ([(1, 9, 10), (2, 5, 8), (3, 5, 6), (1, 7, 10)], [0, 0, 0]), ([(1, 4, 8), (3, 4, 11), (0, 2, 7), (2, 10, 11)], [0, 0, 0])]

=== Test dim X_γ stability for Pattern C Es=[(3, 7, 11), (1, 7, 10), (0, 1, 4), (2, 9, 10)] ===
                               γ    dim X_γ
            [272, 515, 855, 641]          1
             [17, 819, 177, 655]          1
            [734, 976, 548, 637]          1
              [3, 820, 675, 398]          1
            [735, 178, 853, 769]          1
             [302, 545, 485, 81]          1
                [676, 6, 126, 9]          1
            [619, 769, 387, 465]          1
            [382, 690, 957, 656]          1
            [391, 881, 584, 137]          1
            [313, 378, 490, 426]          1
            [535, 679, 939, 361]          1
            [508, 724, 598, 341]          1
            [266, 720, 895, 229]          1
            [404, 794, 380, 838]          1
              [59, 881, 677, 80]          1
            [803, 454, 865, 902]          1
            [574, 1005, 408, 53]          1
            [627, 584, 906, 302]          1
             [949, 201, 49, 763]          1


=== X_γ basis for Pattern C Es=[(3, 7, 11), (1, 7, 10), (0, 1, 4), (2, 9, 10)], γ=[3, 5, 7, 11] ===
  basis[0]:
    ĥ_0 (E=(3, 7, 11)) = [498, 429, 978] (NONZERO)
    ĥ_1 (E=(1, 7, 10)) = [434, 358, 64] (NONZERO)
    ĥ_2 (E=(0, 1, 4)) = [593, 6, 975] (NONZERO)
    ĥ_3 (E=(2, 9, 10)) = [634, 0, 1] (NONZERO)
