=== n=12 c=3 m=4, target codim = 7 ===

--- Tet route ---
  Es=[(1, 2, 3), (0, 2, 3), (0, 1, 3), (0, 1, 2)]
         p         density      log_p  codim_est
        13    0.000000e+00    44.8856
        37    3.333333e-06     3.4926
        61    0.000000e+00    28.0060
        97    0.000000e+00    25.1665
       109    0.000000e+00    24.5408
       157    0.000000e+00    22.7697
       181    0.000000e+00    22.1466
       193    0.000000e+00    21.8765
       229    0.000000e+00    21.1879
       277    0.000000e+00    20.4710
       337    0.000000e+00    19.7814
       397    0.000000e+00    19.2397
       421    0.000000e+00    19.0528
       457    0.000000e+00    18.7976
       541    0.000000e+00    18.2936
       601    0.000000e+00    17.9929
       661    0.000000e+00    17.7292
       757    0.000000e+00    17.3666
       829    0.000000e+00    17.1318
       877    0.000000e+00    16.9895
       937    0.000000e+00    16.8252
      1009    0.000000e+00    16.6451

--- Sub-tet (Pattern A) ---
  Es=[(1, 2, 7), (2, 4, 8), (4, 10, 11), (3, 4, 7)]
         p         density      log_p  codim_est
        13    0.000000e+00    44.8856
        37    0.000000e+00    31.8837
        61    0.000000e+00    28.0060
        97    0.000000e+00    25.1665
       109    0.000000e+00    24.5408
       157    0.000000e+00    22.7697
       181    0.000000e+00    22.1466
       193    0.000000e+00    21.8765
       229    0.000000e+00    21.1879
       277    0.000000e+00    20.4710
       337    0.000000e+00    19.7814
       397    0.000000e+00    19.2397
       421    0.000000e+00    19.0528
       457    0.000000e+00    18.7976
       541    0.000000e+00    18.2936
       601    0.000000e+00    17.9929
       661    0.000000e+00    17.7292
       757    0.000000e+00    17.3666
       829    0.000000e+00    17.1318
       877    0.000000e+00    16.9895
       937    0.000000e+00    16.8252
      1009    0.000000e+00    16.6451

--- Pattern C ---
  Es=[(5, 6, 8), (0, 4, 7), (2, 7, 8), (3, 8, 9)]
         p         density      log_p  codim_est
        13    0.000000e+00    44.8856
        37    0.000000e+00    31.8837
        61    0.000000e+00    28.0060
        97    0.000000e+00    25.1665
       109    0.000000e+00    24.5408
       157    0.000000e+00    22.7697
       181    0.000000e+00    22.1466
       193    0.000000e+00    21.8765
       229    0.000000e+00    21.1879
       277    0.000000e+00    20.4710
       337    0.000000e+00    19.7814
       397    0.000000e+00    19.2397
       421    0.000000e+00    19.0528
       457    0.000000e+00    18.7976
       541    0.000000e+00    18.2936
       601    0.000000e+00    17.9929
       661    0.000000e+00    17.7292
       757    0.000000e+00    17.3666
       829    0.000000e+00    17.1318
       877    0.000000e+00    16.9895
       937    0.000000e+00    16.8252
      1009    0.000000e+00    16.6451

--- Random (mostly disjoint) ---
  Es=[(0, 1, 5), (2, 3, 6), (4, 7, 8), (9, 10, 11)]
         p         density      log_p  codim_est
        13    0.000000e+00    44.8856
        37    0.000000e+00    31.8837
        61    0.000000e+00    28.0060
        97    0.000000e+00    25.1665
       109    0.000000e+00    24.5408
       157    0.000000e+00    22.7697
       181    0.000000e+00    22.1466
       193    0.000000e+00    21.8765
       229    0.000000e+00    21.1879
       277    0.000000e+00    20.4710
       337    0.000000e+00    19.7814
       397    0.000000e+00    19.2397
       421    0.000000e+00    19.0528
       457    0.000000e+00    18.7976
       541    0.000000e+00    18.2936
       601    0.000000e+00    17.9929
       661    0.000000e+00    17.7292
       757    0.000000e+00    17.3666
       829    0.000000e+00    17.1318
       877    0.000000e+00    16.9895
       937    0.000000e+00    16.8252
      1009    0.000000e+00    16.6451
