=== c=4 routes catalog at n=16 c=4 p=97 ===

  Bad configs found: 521 in 50000 trials
  Target codim 2D-T-2 = 11

  Routes by (has_sub_tet, n_shared_verts, topology, rd):
   sub_tet  n_shared         topology   rd  count  example
      True         6 other-(3, 2, 2, 1) True    161  [(2, 5, 9, 11), (3, 7, 13, 15), (2, 8, 11, 14), (5, 9, 13, 14)]
      True         5     triangle+iso True    120  [(0, 2, 6, 13), (7, 8, 10, 12), (0, 4, 5, 9), (2, 5, 9, 13)]
      True         7 other-(3, 3, 2, 2) True     36  [(2, 3, 11, 14), (1, 2, 6, 8), (1, 6, 7, 15), (3, 7, 8, 15)]
      True         5 other-(3, 2, 2, 1) True     31  [(0, 2, 4, 7), (0, 1, 8, 13), (4, 6, 7, 12), (2, 6, 7, 12)]
      True         4     triangle+iso True     26  [(9, 12, 13, 15), (3, 9, 13, 14), (0, 2, 8, 11), (3, 9, 14, 15)]
      True         4 other-(3, 2, 2, 1) False     24  [(3, 5, 9, 10), (0, 4, 5, 6), (1, 3, 7, 11), (9, 11, 14, 15)]
     False         4             path False     17  [(5, 7, 14, 15), (0, 9, 12, 13), (2, 4, 6, 12), (0, 5, 8, 13)]
     False         5 other-(2, 2, 2, 2) False     14  [(2, 3, 10, 15), (0, 4, 5, 13), (0, 3, 6, 14), (10, 12, 13, 15)]
      True         5 other-(3, 3, 2, 2) True     13  [(3, 8, 13, 14), (4, 5, 8, 13), (3, 4, 5, 14), (1, 8, 9, 15)]
     False         3 other-(1, 1, 1, 1) False     10  [(9, 11, 12, 15), (1, 4, 5, 14), (0, 7, 11, 12), (2, 3, 4, 10)]
     False         3             path False      9  [(0, 4, 7, 13), (3, 8, 12, 14), (2, 7, 10, 15), (0, 6, 11, 12)]
      True         5 other-(3, 3, 2, 2) False      9  [(3, 6, 13, 15), (1, 4, 5, 9), (3, 5, 7, 8), (2, 4, 7, 13)]
     False         3 other-(2, 1, 1, 0) False      7  [(0, 11, 13, 14), (2, 8, 10, 12), (0, 1, 3, 6), (3, 5, 6, 7)]
      True         6     triangle+iso True      5  [(4, 5, 12, 15), (1, 5, 8, 15), (1, 4, 8, 12), (0, 2, 3, 7)]
     False         4 other-(2, 2, 2, 2) False      5  [(0, 4, 7, 15), (5, 8, 13, 15), (7, 10, 11, 14), (6, 8, 9, 14)]
      True         7 other-(3, 2, 2, 1) True      5  [(2, 7, 8, 15), (2, 6, 8, 11), (1, 5, 14, 15), (1, 5, 7, 14)]
     False         6 other-(2, 2, 2, 2) False      4  [(6, 7, 8, 11), (8, 12, 13, 14), (4, 5, 6, 11), (5, 10, 13, 14)]
     False         5             path False      4  [(2, 6, 14, 15), (3, 4, 6, 15), (3, 8, 9, 13), (9, 11, 12, 13)]
      True         0 other-(3, 3, 3, 3) True      3  [(0, 1, 9, 15), (0, 1, 7, 11), (1, 7, 14, 15), (0, 7, 13, 15)]
     False         2 other-(2, 1, 1, 0) False      3  [(0, 7, 8, 11), (1, 2, 10, 12), (0, 4, 5, 14), (8, 9, 13, 15)]
     False         4 other-(1, 1, 1, 1) False      3  [(0, 8, 10, 15), (3, 4, 9, 12), (0, 2, 11, 13), (3, 6, 9, 12)]
     False         4             star True      2  [(2, 6, 8, 10), (0, 7, 11, 12), (1, 7, 10, 11), (1, 5, 9, 15)]
     False         3             star False      2  [(1, 3, 7, 8), (1, 5, 9, 10), (3, 13, 14, 15), (0, 4, 8, 12)]
      True         1 other-(3, 3, 3, 3) True      2  [(0, 9, 14, 15), (0, 5, 13, 14), (0, 5, 11, 15), (5, 9, 14, 15)]
      True         6 other-(3, 3, 3, 3) False      1  [(3, 10, 12, 13), (1, 2, 10, 14), (5, 6, 12, 14), (2, 6, 13, 15)]
      True         3     triangle+iso False      1  [(0, 6, 8, 14), (4, 5, 11, 13), (1, 2, 6, 15), (1, 7, 8, 12)]
     False         3 other-(1, 1, 0, 0) False      1  [(1, 4, 5, 12), (2, 3, 7, 13), (1, 4, 5, 9), (6, 8, 10, 14)]
      True         2 other-(3, 3, 2, 2) True      1  [(4, 6, 11, 15), (2, 3, 9, 12), (2, 7, 11, 13), (0, 2, 6, 10)]
      True         3     triangle+iso True      1  [(3, 9, 11, 12), (3, 9, 10, 12), (1, 4, 8, 15), (3, 9, 10, 11)]
     False         2 other-(1, 1, 1, 1) False      1  [(3, 12, 13, 15), (4, 6, 7, 10), (0, 7, 8, 11), (2, 3, 9, 14)]

  Non-sub-tet routes summary:
    non-sub-tet rd: 2
    non-sub-tet non-rd: 80
