# Setup: p=97, n_0=32, k_0=8, R=3, δ=0.45
# n_R=4, k_R=1, w_R=1, n_R-k_R=3, q^R=912673
# Conjecture: |image(φ) ∩ B_w| ≤ R q^{r-1}

# Building B_w (low-weight syndrome variety)...
# |B_w| = 385
# f                                         |im(φ)| lin rank r   |im∩B_w|  R q^(r-1)   ratio    |V_δ|
--------------------------------------------------------------------------------------------------------------
  CS:X^15+X^14                                   97          1          1          3   0.333    27937
  sparse_[18, 24]                                97          2          0        291   0.000        0
  sparse_[15, 27]                              9313          2          1        291   0.003    18721
  sparse_[25, 26, 31]                            97          1          1          3   0.333     9313
  sparse_[8, 27]                                 97          2          0        291   0.000        0
  sparse_[8, 11, 22]                           9409          2          1        291   0.003       96
  sparse_[14, 16, 20]                          9313          2          1        291   0.003       97
  sparse_[10, 24, 28, 31]                      9409          2          1        291   0.003       97
  sparse_[12, 17, 22]                          9409          2          1        291   0.003       97
  sparse_[8, 17, 19, 30]                       9409          3          4      28227   0.000      380
  sparse_[23, 25, 26]                          9409          2          1        291   0.003      193
  sparse_[16, 20, 23, 24]                        97          2          0        291   0.000        0
  sparse_[8, 12, 15, 26]                       9409          2          1        291   0.003       97
  sparse_[27, 30]                                97          1          1          3   0.333    18721
  sparse_[15, 23]                                97          1          1          3   0.333    27937
  sparse_[22, 23, 29, 30]                      9409          2          1        291   0.003     9601
  sparse_[17, 24, 25, 28]                      9409          2          1        291   0.003       97
  sparse_[16, 17]                                97          1          1          3   0.333     9409
  sparse_[27, 28]                                97          1          1          3   0.333     9409
  sparse_[14, 16, 19]                          9409          2          1        291   0.003       96
  sparse_[21, 23, 25, 29]                      9409          2          1        291   0.003     9505
