# Setup: p=97, n_0=16, k_0=4, R=2, δ=0.45
# n_R=4, k_R=1, w_R=1, n_R-k_R=3, q^R=9409
# Conjecture: |image(φ) ∩ B_w| ≤ R q^{r-1}

# Building B_w (low-weight syndrome variety)...
# |B_w| = 385
# f                                         |im(φ)| lin rank r   |im∩B_w|  R q^(r-1)   ratio    |V_δ|
--------------------------------------------------------------------------------------------------------------
  CS:X^7+X^6                                     97          1          1          2   0.500      193
  sparse_[9, 12]                                 97          2          0        194   0.000        0
  sparse_[7, 13]                               9313          2          1        194   0.005       97
  sparse_[11, 12, 13]                          9313          2          1        194   0.005        1
  sparse_[5, 13]                                 97          1          1          2   0.500       97
  sparse_[4, 11]                                 97          2          0        194   0.000        0
  sparse_[7, 8, 9, 10]                         4753          2          1        194   0.005        2
  sparse_[5, 9, 14, 15]                        9313          2          1        194   0.005        1
  sparse_[6, 13, 14]                           9409          2          1        194   0.005        1
  sparse_[9, 10, 11]                             97          1          1          2   0.500       96
  sparse_[5, 10, 11, 12]                       9313          3          4      18818   0.000        4
  sparse_[10, 11, 13]                          9313          2          1        194   0.005        1
  sparse_[4, 6, 7, 12]                           97          2          0        194   0.000        0
  sparse_[6, 11, 15]                           9313          2          1        194   0.005       97
  sparse_[11, 12, 14, 15]                      9313          2          1        194   0.005        1
  sparse_[12, 14, 15]                            97          1          1          2   0.500       96
  sparse_[7, 8, 14]                            9313          3          4      18818   0.000        4
  sparse_[11, 12, 13, 14]                      4753          2          1        194   0.005        2
  sparse_[11, 12, 15]                            97          2          0        194   0.000        0
  sparse_[8, 9]                                  97          1          1          2   0.500       97
  sparse_[8, 12, 15]                             97          2          0        194   0.000        0
