n=36, m=2, r=3, k=2, threshold=6
Primes p ≡ 1 (mod 36) up to 2000: 22
     p  (p-1)/n  gcd  #wits   #aln   #NOT  shapes
------------------------------------------------------------------------------------------
    37        1    1     60     24     36  (0, 1, 8):28  (0, 28, 29):7  (0, 7, 35):1 ***
    73        2    2      6      6      0  -
   109        3    3      6      6      0  -
   181        5    1     42      6     36  (0, 11, 13):23  (0, 2, 25):11  (0, 23, 34):2 ***
   397       11    1      6      6      0  -
   433       12   12      6      6      0  -
   541       15    3      6      6      0  -
   577       16    4      6      6      0  -
   613       17    1      6      6      0  -
   757       21    3      6      6      0  -
   829       23    1      6      6      0  -
   937       26    2      6      6      0  -
  1009       28    4      6      6      0  -
  1117       31    1      6      6      0  -
  1153       32    4      6      6      0  -
  1297       36   36      6      6      0  -
  1549       43    1      6      6      0  -
  1621       45    9      6      6      0  -
  1657       46    2      6      6      0  -
  1693       47    1      6      6      0  -
  1801       50    2      6      6      0  -
  1873       52    4      6      6      0  -

==========================================================================================

n=48, m=2, r=3, k=2, threshold=6
Primes p ≡ 1 (mod 48) up to 1500: 14
     p  (p-1)/n  gcd  #wits   #aln   #NOT  shapes
------------------------------------------------------------------------------------------
    97        2    2     56      8     48  (0, 13, 23):25  (0, 10, 35):13  (0, 25, 38):10 ***
   193        4    4      8      8      0  -
   241        5    1      8      8      0  -
   337        7    1      8      8      0  -
   433        9    3      8      8      0  -
   577       12   12      8      8      0  -
   673       14    2      8      8      0  -
   769       16   16      8      8      0  -
  1009       21    3      8      8      0  -
  1153       24   24      8      8      0  -
  1201       25    1      8      8      0  -
  1249       26    2      8      8      0  -
  1297       27    3      8      8      0  -
  1489       31    1      8      8      0  -
